# N mean
1.5205631514641289e+00
8.5185596596070402e-01
1.0176698677324085e+00
1.1120824259063614e+00
1.2366543554871597e+00
9.6265431421932504e-01
8.2594202178008818e-01
8.8578536711204116e-01
7.6884522992287697e-01
7.5815169366921843e-01
7.2851891747987863e-01
7.4169340554703651e-01
6.9189802191845909e-01
6.8106264396620105e-01
7.5943774607006352e-01
8.2125946219137840e-01
8.2631097523186808e-01
8.4439874262443369e-01
7.6968342280564297e-01
7.7224458310391962e-01
6.9018063699768482e-01
6.4647516767457237e-01
5.9278906170428905e-01
6.2694494507831748e-01
5.8066863798567493e-01
5.6613650509155475e-01
5.2255261010091818e-01
4.7983381710007495e-01
5.3214208389009569e-01
5.0289637162484986e-01
5.0405446232124810e-01
5.3571953237614102e-01
5.4487710708556050e-01
5.2555998196810368e-01
5.3661989114355951e-01
5.3762660445069266e-01
5.3608937084316532e-01
5.7246399454862698e-01
5.5464569605351041e-01
5.7363138098671626e-01
5.7379244334411383e-01
5.9131504014129115e-01
5.8223064074894795e-01
6.0705695245955247e-01
5.9023222547190518e-01
5.7864837365283490e-01
5.9661699463951178e-01
6.2079329520733710e-01
5.9198661221730446e-01
6.1710650449483954e-01
6.1633943677271137e-01
5.9022074651878859e-01
5.7109661050868445e-01
5.7884816922193769e-01
5.9869998082966030e-01
5.8884245984601499e-01
5.6434546866215378e-01
5.3840967000580742e-01
5.3560789952812985e-01
5.1316922645232134e-01
5.0008185983059124e-01
5.2285315878551762e-01
5.4164317563740504e-01
5.5744186602297323e-01
5.4578887190151295e-01
5.4690238932977031e-01
5.4061460634152206e-01
5.5149889461738551e-01
5.5129754965800634e-01
5.5775288869655224e-01
5.5827495086254419e-01
5.3826892418473440e-01
5.3518185385048868e-01
5.5221324999781335e-01
5.6874946514551966e-01
5.7656666993567341e-01
5.6716814447092704e-01
5.7548141114060041e-01
5.7984160150205293e-01
5.7337040697381382e-01
5.7942242874943969e-01
5.6623340521547906e-01
5.6327051578892691e-01
5.7609141094361562e-01
5.8681507999120870e-01
5.7988713009667544e-01
5.6962296208557936e-01
5.8224221528633344e-01
5.7627410652643546e-01
5.8164894673118782e-01
5.9580010950042265e-01
5.9764924308823526e-01
6.0167357508291219e-01
6.1203905809042375e-01
6.0895106546311368e-01
6.2106521443455255e-01
6.1667598541930455e-01
6.2512113545594522e-01
6.2943966515660720e-01
6.4047442942879833e-01
6.3856351398860552e-01
6.2884695872309446e-01
6.4071016419603490e-01
6.5147626608983366e-01
6.3996677826290200e-01
6.4943111534072128e-01
6.5199009359876432e-01
6.4869259509145350e-01
6.5062008918988248e-01
6.4327970871769893e-01
6.4971868696395497e-01
6.4322453459126552e-01
6.4055087267108923e-01
6.3211024988859534e-01
6.2281015492094261e-01
6.1596441234579128e-01
6.1642053929946075e-01
6.1331107576081996e-01
6.0402964872550503e-01
6.1333283333263025e-01
6.0255746748109621e-01
5.9252196379100444e-01
5.9165863237614042e-01
5.9722126989961660e-01
6.0807753970105085e-01
6.1757701922450030e-01
6.2100818482597233e-01
6.1732503489481169e-01
6.2222416367290453e-01
6.1825313645262022e-01
6.1263655591491420e-01
6.0569828364162794e-01
6.0680931535817527e-01
6.0029012798275685e-01
5.9182256685396050e-01
5.9626832406533885e-01
5.8736435610987556e-01
5.9311107211304006e-01
5.8519160973102990e-01
5.8983462799998015e-01
5.8014494554463468e-01
5.8908978462576927e-01
5.7907928114733604e-01
5.7897935655192130e-01
5.7173558146629114e-01
5.6590305773854485e-01
5.7153224888053436e-01
5.7576489067904877e-01
5.7840868979499597e-01
5.8723406796680486e-01
5.8942705451431740e-01
5.9396506419283621e-01
5.8537994241026372e-01
5.7771323651803438e-01
5.7760302344075273e-01
5.6899464781062714e-01
5.6033684236766545e-01
5.5434714880048936e-01
5.5327742723681052e-01
5.5893839231992065e-01
5.5993850097126754e-01
5.6430148865779482e-01
5.5566047618980564e-01
5.4906145734555200e-01
5.5785490738128074e-01
5.5216292499928994e-01
5.5885576337254943e-01
5.5181736851561558e-01
5.6034742549430642e-01
5.5212286847934150e-01
5.5831875576771802e-01
5.5052031182903160e-01
5.4162993330180616e-01
5.4868497611042535e-01
5.5001635646248730e-01
5.4428397260276615e-01
5.3832414506161998e-01
5.3628339532495518e-01
5.4300292960924164e-01
5.4809227699014618e-01
5.4549113792448035e-01
5.4610632435048016e-01
5.4715650827438056e-01
5.4612700299877998e-01
5.4891638300343725e-01
5.4219597336668032e-01
5.4246457224761796e-01
5.4634444950760944e-01
5.4299281458598447e-01
5.5053856495278231e-01
5.5148293549051878e-01
5.5711501048539765e-01
5.6067103576303432e-01
5.6235175101186407e-01
5.5488462777713385e-01
5.5839750519109279e-01
5.6317576976376142e-01
5.6930179947997019e-01
5.7458075540379318e-01
5.7917341473939521e-01
5.8593525042686264e-01
5.8913078691839050e-01
5.9465279792291987e-01
6.0130051565143193e-01
6.0324851803223975e-01
6.0270738715422954e-01
5.9734118726601568e-01
6.0163298685385661e-01
6.0672970103395493e-01
6.0017853123144177e-01
6.0183228681002264e-01
5.9778653241564542e-01
5.9915109850741534e-01
5.9489063047391935e-01
5.9724862704921698e-01
5.9425488994448000e-01
5.9145339796273549e-01
5.8733794135220893e-01
5.8110572659513056e-01
5.8255168502253177e-01
5.7842687757785305e-01
5.8011592879242350e-01
5.7990042199843807e-01
5.8585799658245313e-01
5.8254363233031563e-01
5.8279043322254054e-01
5.8532354024946287e-01
5.7986090044337464e-01
5.7913858335648759e-01
5.8000154497952312e-01
5.8542558282975258e-01
5.8442268236095884e-01
5.8195328620049621e-01
5.8606055125016672e-01
5.8485833565851496e-01
5.7818391211459421e-01
5.7589127478493572e-01
5.7681376480223829e-01
5.8067533851531315e-01
5.7701283758017832e-01
5.7887763054212421e-01
5.7834032975121524e-01
5.7779492703324729e-01
5.7507800950431920e-01
5.7736855550584610e-01
5.7318277829667977e-01
5.7436612115295964e-01
5.6851219690793701e-01
5.6720070703649500e-01
5.6928370970174843e-01
5.7108660125278028e-01
5.7244308481394944e-01
5.7034389325012104e-01
5.6634201730324819e-01
5.6736545090632657e-01
5.6859243609425841e-01
5.7101887812003002e-01
5.6874796508244133e-01
5.7126753017277254e-01
5.6755741783698041e-01
5.7213667321337821e-01
5.7397687526395221e-01
5.7544232819806808e-01
5.7239821501039732e-01
5.7249227049446059e-01
5.6756910738789655e-01
5.6462499397948941e-01
5.6860830289476257e-01
5.7042899612954551e-01
5.6565415061859659e-01
5.6110866259402119e-01
5.5935753781633556e-01
5.5998286385845700e-01
5.6078451167373149e-01
5.6238045807869364e-01
5.5985854817912199e-01
5.6262910117736191e-01
5.6012014122866329e-01
5.5807285124426395e-01
5.5454135158343969e-01
5.5951839164466943e-01
5.5402625452250752e-01
5.5730592643683740e-01
5.5532399439500831e-01
5.5184778082147995e-01
5.5100037945835980e-01
5.5561679237165560e-01
5.5978753671777475e-01
5.6233018989657575e-01
5.6417465892814783e-01
5.6004838685459339e-01
5.6175149982793754e-01
5.6035130978797619e-01
5.6294474235283755e-01
5.6723697652493321e-01
5.7122880679480311e-01
5.7464470767430089e-01
5.7140980814877392e-01
5.7411736905222998e-01
5.7435073165425600e-01
5.7208333838377873e-01
5.7586715982701390e-01
5.7967264402799261e-01
5.8310114488499293e-01
5.8281042565417153e-01
5.8328685774146150e-01
5.7972002833628737e-01
5.7725903313642625e-01
5.8054860546025993e-01
5.8021521146178894e-01
5.7960675886220934e-01
5.8270682209852613e-01
5.8240402774399174e-01
5.8014528834949945e-01
5.7684725160918492e-01
5.7835259358657887e-01
5.8025889723532629e-01
5.7660139944316393e-01
5.7733094514748837e-01
5.7701823955088306e-01
5.7993843446935437e-01
5.8177948269971808e-01
5.7853751070778358e-01
5.7572071785528867e-01
5.7547412009913917e-01
5.7175725577683798e-01
5.6821890136011637e-01
5.6673447731241895e-01
5.6493413239686817e-01
5.6866368315078067e-01
5.7215851783423872e-01
5.7304444506165610e-01
5.7585957674024515e-01
5.7848988589581920e-01
5.7822043328268516e-01
5.7651416732684172e-01
5.7534641454268753e-01
5.7653324021223260e-01
5.7727104357118870e-01
5.7491647685148206e-01
5.7162842253633457e-01
5.6766937753444729e-01
5.6404219231151011e-01
5.6513980845569884e-01
5.6376489564789768e-01
5.6174479063509282e-01
5.6010909227874132e-01
5.5641178379117835e-01
5.5562545536181135e-01
5.5919076531821698e-01
5.5973640671114971e-01
5.5756779183107622e-01
5.5875383180705976e-01
5.6080631652947620e-01
5.6052877928692758e-01
5.5747059830707657e-01
5.6052841112574422e-01
5.6141239868776889e-01
5.6138936739386237e-01
5.5878420463240902e-01
5.5909971054235133e-01
5.5832484429099324e-01
5.6089093874365570e-01
5.5985323047995447e-01
5.5758782700153190e-01
5.5600436405810258e-01
5.5772664155187527e-01
5.5870010839527397e-01
5.6248285574908706e-01
5.6100243933293831e-01
5.6405278531531187e-01
5.6094571824710272e-01
5.6006480161283417e-01
5.5593688942900446e-01
5.5805398034213762e-01
5.6008883333278677e-01
5.5828762742494898e-01
5.5507523539852869e-01
5.5782333357276224e-01
5.5941594945288663e-01
5.5571010018961102e-01
5.5516456415841745e-01
5.5883097871242236e-01
5.6030206284310649e-01
5.5789257374070663e-01
5.5753969643145617e-01
5.6022187715218909e-01
5.5692686852961542e-01
5.5369229531823754e-01
5.5265382224853293e-01
5.5099815852120743e-01
5.5207050946228905e-01
5.5429752069949484e-01
5.5135541134257924e-01
5.4781913146115906e-01
5.4431521165075179e-01
5.4388405702487617e-01
5.4589089372193500e-01
5.4722006272629726e-01
5.4667121433381514e-01
5.4370528572657708e-01
5.4426549677018263e-01
5.4474102789897860e-01
5.4485230668609319e-01
5.4544559918839056e-01
5.4431334530745585e-01
5.4276185394631347e-01
5.4551530522633345e-01
5.4523227016457464e-01
5.4270599829431608e-01
5.4340303319923137e-01
5.4348516502765276e-01
5.4424373881942409e-01
5.4483394399415933e-01
5.4280053359900952e-01
5.4507607293999357e-01
5.4187510061191891e-01
5.3889576368214183e-01
5.4183678437129892e-01
5.3937752655811360e-01
5.3915382711759205e-01
5.3710955912893956e-01
5.3933934322144483e-01
5.3776657587371195e-01
5.3666966433372197e-01
5.3924751274711764e-01
5.3806134263371124e-01
5.4017971799334299e-01
5.4119896841642979e-01
5.3786823174427085e-01
5.3609221891166828e-01
5.3794101468670127e-01
5.3872612163810401e-01
5.4096018873701972e-01
5.3954296910825003e-01
5.3753261388865230e-01
5.3537364169371130e-01
5.3606303066597385e-01
5.3331390774773270e-01
5.3442868461890467e-01
5.3627076654698714e-01
5.3767826574885506e-01
5.3556399669789886e-01
5.3481624660293851e-01
5.3349525300053963e-01
5.3297626298525197e-01
5.3109709428502518e-01
5.3026260234614856e-01
5.3041466329893520e-01
5.2804523356943946e-01
5.2835154836973287e-01
5.2506700518937705e-01
5.2421838933008945e-01
5.2338641366804174e-01
5.2205199082180782e-01
5.2356552415840488e-01
5.2194138630642527e-01
5.2287377824233743e-01
5.2316588153041334e-01
5.2585198325903916e-01
5.2700622861799843e-01
5.2895936640965155e-01
5.3017877311076943e-01
5.2889789518808752e-01
5.2977696881333736e-01
5.2653284295290628e-01
5.2668776087323622e-01
5.2883528466544874e-01
5.2953145746871466e-01
5.3037942794496227e-01
5.3043285723869933e-01
5.2973729428459923e-01
5.2880013931503499e-01
5.3012461518456102e-01
5.3196791093961656e-01
5.3302141761246643e-01
5.3076901926580640e-01
5.2777301284772487e-01
5.2498159067369511e-01
5.2609030689396445e-01
5.2408772670592854e-01
5.2477815673638557e-01
5.2597096264096627e-01
5.2633774424166838e-01
5.2319761783859208e-01
5.2009870797860216e-01
5.1885767664741581e-01
5.1735327764722314e-01
5.1827096894085799e-01
5.2042279479436651e-01
5.1843310201444865e-01
5.1742828557250250e-01
5.1841123332087830e-01
5.2067564035642698e-01
5.2156299225381462e-01
5.2038985850946026e-01
5.2267286206725687e-01
5.2073736302678711e-01
5.1863451770866883e-01
5.1861801458272060e-01
5.2055065711093555e-01
5.2155944499712465e-01
5.2392714013437687e-01
5.2204104444661449e-01
5.2137079262800982e-01
5.2255029737869350e-01
5.2468880172453097e-01
5.2492010582291549e-01
5.2627955187807045e-01
5.2877205039125608e-01
5.2714892829403222e-01
5.2959537059100771e-01
5.2983851566508366e-01
5.3231015292518804e-01
5.3221483348325424e-01
5.3245803193065421e-01
5.3494338872506147e-01
5.3661133023335311e-01
5.3835661899378022e-01
5.3882803282932467e-01
5.3965869443076581e-01
5.4242927133443620e-01
5.4484825021535283e-01
5.4375812808002764e-01
5.4581369001822120e-01
5.4623508995016406e-01
5.4693163229629088e-01
5.4831617612218053e-01
5.4978677767115648e-01
5.5136214310129538e-01
5.4992521576156337e-01
5.5041997346756020e-01
5.5015969702620577e-01
5.4819472347997994e-01
5.4976159545525288e-01
5.5171214566461600e-01
5.5369976554199206e-01
5.5451676082829376e-01
5.5392850670798296e-01
5.5445075422577441e-01
5.5488743863899491e-01
5.5559208256897950e-01
5.5570272247081169e-01
5.5366103697724964e-01
5.5399755712233610e-01
5.5133252531367457e-01
5.5234056648552287e-01
5.5234441948334417e-01
5.5406661048540233e-01
5.5405039345399200e-01
5.5184330348651017e-01
5.5169400403344847e-01
5.5165666782354972e-01
5.4911847717048981e-01
5.5072917226874370e-01
5.5001558603119939e-01
5.5066720813930948e-01
5.5031900017071470e-01
5.4831833289878703e-01
5.4776639568714990e-01
5.4632848342622483e-01
5.4574836107540189e-01
5.4309582368403150e-01
5.4417684216603471e-01
5.4449009296858214e-01
5.4607021831666747e-01
5.4642643795598683e-01
5.4606341177194618e-01
5.4586309693255823e-01
5.4838876613757394e-01
5.4598558043565048e-01
5.4367228622149422e-01
5.4433306581357216e-01
5.4476426131041284e-01
5.4323911842797964e-01
5.4170461215837298e-01
5.4230950792689099e-01
5.4443447097826834e-01
5.4559056950235793e-01
5.4531982153564620e-01
5.4492458155612828e-01
5.4665453818197281e-01
5.4890382157377558e-01
5.5112613090908620e-01
5.5308533134142281e-01
5.5436170622122824e-01
5.5341851369988424e-01
5.5351512759270338e-01
5.5199372359436403e-01
5.5179145235564888e-01
5.5398717067392447e-01
5.5372453320636550e-01
5.5557820754331287e-01
5.5784462602925073e-01
5.5615294772670723e-01
5.5584751821579750e-01
5.5716213179797923e-01
5.5840323657962742e-01
5.6033302170160701e-01
5.5902039348800686e-01
5.6022807558472918e-01
5.6243785329369419e-01
5.6149771984458323e-01
5.6091102879302480e-01
5.6111176020987072e-01
5.6128046108211201e-01
5.6178329365337349e-01
5.6015714186312302e-01
5.5994979456780444e-01
5.5916350858796705e-01
5.5982222584721855e-01
5.6176625494297448e-01
5.6024962921430349e-01
5.6067206712795550e-01
5.6235601580652473e-01
5.6035435517322953e-01
5.5964173469337672e-01
5.5808407525090094e-01
5.5870035388502099e-01
5.5905418507500462e-01
5.5981200746940199e-01
5.6018051151982216e-01
5.5795964630094106e-01
5.5815941498573915e-01
5.5837172362356062e-01
5.5704505556054019e-01
5.5465221219415887e-01
5.5381920570818962e-01
5.5139218043043316e-01
5.5332818774639257e-01
5.5372589304718590e-01
5.5492578505346327e-01
5.5667407140325171e-01
5.5863486563987709e-01
5.5699795083465019e-01
5.5666296125638402e-01
5.5651617812225289e-01
5.5781582956337101e-01
5.5837797628430228e-01
5.6046964310859081e-01
5.5876221643139429e-01
5.5770287861487980e-01
5.5939636212384861e-01
5.5868003831261633e-01
5.6044688142597000e-01
5.6150333095616644e-01
5.6129608762143812e-01
5.6015050934444948e-01
5.6212242146745682e-01
5.6028373688329329e-01
5.6187629190468250e-01
5.6234823527472438e-01
5.6325734818945208e-01
5.6510805336953636e-01
5.6356162683521637e-01
5.6246908057604545e-01
5.6085420534250100e-01
5.5940751344719233e-01
5.5989153151453280e-01
5.5832914488820278e-01
5.5654651036902888e-01
5.5522643354425926e-01
5.5716541931440548e-01
5.5488293942204466e-01
5.5327029330020445e-01
5.5147854806022215e-01
5.5122976965419659e-01
5.5182019720443456e-01
5.5360471374228683e-01
5.5173749914577991e-01
5.5217109469943021e-01
5.5017630274698499e-01
5.4962810359329221e-01
5.4953858547094307e-01
5.4918335013001796e-01
5.4819274179955563e-01
5.4698744405046597e-01
5.4874287794586414e-01
5.4896342375576755e-01
5.4752690054648713e-01
5.4540740299134487e-01
5.4504101462724899e-01
5.4635385503133364e-01
5.4739741377468477e-01
5.4669924101478821e-01
5.4880887723109901e-01
5.4671017335580717e-01
5.4674496253026513e-01
5.4537499977221890e-01
5.4601268054954489e-01
5.4681347476715276e-01
5.4599849626308270e-01
5.4761758990267232e-01
5.4818317764441314e-01
5.4742960058612547e-01
5.4542252307881783e-01
5.4650527906599714e-01
5.4774236387159837e-01
5.4852690845649332e-01
5.4923724888123178e-01
5.5089676979218338e-01
5.5002486434085737e-01
5.5103113922775037e-01
5.5009757181374794e-01
5.5134298239570191e-01
5.4994899918944192e-01
5.5026495788720441e-01
5.4830175624662951e-01
5.4654725794798770e-01
5.4503356502127338e-01
5.4389068495486548e-01
5.4229605130942491e-01
5.4261170315703970e-01
5.4069509971903589e-01
5.4227267239758925e-01
5.4408025929829274e-01
5.4216113276151596e-01
5.4387909619748919e-01
5.4368893058008960e-01
5.4261562255798636e-01
5.4291856013352377e-01
5.4148309329235101e-01
5.4177669275669548e-01
5.4162101224407874e-01
5.4286932393046563e-01
5.4457088495555849e-01
5.4461902356926774e-01
5.4489667659955774e-01
5.4577911339451932e-01
5.4458723335485337e-01
5.4355840763944837e-01
5.4404638045167298e-01
5.4414253249389403e-01
5.4210685022050106e-01
5.4381086020109617e-01
5.4312991862214633e-01
5.4187349075780095e-01
5.4190873803735467e-01
5.4145007405415687e-01
5.4061231050341637e-01
5.4128585834949305e-01
5.4181701203589053e-01
5.4153195088363141e-01
5.4054476691968571e-01
5.4130854406755022e-01
5.4058115478514743e-01
5.3938033928156936e-01
5.4036729775112353e-01
5.3934455772447100e-01
5.4002639430390038e-01
5.3804038369600817e-01
5.3936661807102123e-01
5.4071836690904549e-01
5.4106527614894100e-01
5.4030152430494375e-01
5.4091472397726641e-01
5.4096700381420682e-01
5.4229026672797461e-01
5.4124723726746511e-01
5.4023070624378519e-01
5.3849545824016862e-01
5.3850156202409893e-01
5.3998378562151895e-01
5.4036892831610893e-01
5.4043785558029508e-01
5.4164354030070787e-01
5.4338438400615973e-01
5.4425268671971697e-01
5.4358640017584859e-01
5.4298411487281043e-01
5.4115371512994987e-01
5.3925013466674293e-01
5.3727856736328777e-01
5.3718100137061515e-01
5.3633129256786884e-01
5.3708961223102191e-01
5.3827796360322104e-01
5.3825733467089240e-01
5.3808295121725294e-01
5.3641204185186945e-01
5.3517841650398109e-01
5.3507070120418393e-01
5.3664805954226793e-01
5.3485410045721066e-01
5.3322146209465735e-01
5.3220537233684989e-01
5.3297012359796599e-01
5.3335179037816403e-01
5.3176145249873822e-01
5.3347402726903917e-01
5.3482539664930805e-01
5.3351662996212428e-01
5.3338337073295964e-01
5.3431342363193616e-01
5.3531745075276144e-01
5.3341496695188623e-01
5.3366894782464400e-01
5.3451571060390299e-01
5.3538763238446659e-01
5.3692804291526696e-01
5.3537034543486438e-01
5.3640221174703852e-01
5.3802475650770094e-01
5.3649044831578676e-01
5.3560622367866928e-01
5.3459177716517364e-01
5.3570037263508464e-01
5.3415263485195455e-01
5.3502536458397034e-01
5.3415698875642483e-01
5.3290636594671790e-01
5.3448301036452217e-01
5.3540318624074256e-01
5.3387326115765943e-01
5.3560265073913610e-01
5.3682840604899569e-01
5.3620146685073385e-01
5.3686306699333612e-01
5.3665876841163680e-01
5.3637405562818024e-01
5.3689258406607392e-01
5.3620530565996718e-01
5.3652762784795874e-01
5.3513612340029917e-01
5.3357086156026204e-01
5.3308710924562258e-01
5.3173013367003244e-01
5.3227107895461751e-01
5.3083694869525659e-01
5.3217575902562829e-01
5.3243469178845456e-01
5.3135314703444703e-01
5.3192172266742525e-01
5.3198734954611325e-01
5.3127482628517527e-01
5.3282792609194124e-01
5.3375001563459651e-01
5.3235682796444334e-01
5.3066724236163770e-01
5.3068407643019545e-01
5.3028837561674499e-01
5.2922472718643367e-01
5.2902155371617330e-01
5.2777921264382365e-01
5.2706555744058326e-01
5.2679866583654133e-01
5.2501531991564889e-01
5.2551572596335655e-01
5.2416490136731079e-01
5.2400217466078362e-01
5.2250811092199542e-01
5.2346849054187499e-01
5.2444660126230135e-01
5.2506672280570502e-01
5.2647679624269584e-01
5.2773277199688919e-01
5.2616951537565610e-01
5.2455573717389943e-01
5.2462170822461864e-01
5.2346679803080459e-01
5.2493036428300134e-01
5.2354247958346070e-01
5.2312584681221536e-01
5.2343307845835925e-01
5.2388602090265269e-01
5.2455245601253255e-01
5.2466051575625749e-01
5.2430934599694107e-01
5.2539446478647837e-01
5.2563313179365779e-01
5.2705565750298740e-01
5.2606726485106450e-01
5.2703137011437848e-01
5.2656863687051731e-01
5.2613331609132389e-01
5.2472502660290101e-01
5.2575028629525551e-01
5.2533595524698862e-01
5.2615108086400527e-01
5.2760152670474879e-01
5.2875954407141325e-01
5.2985435785994527e-01
5.3054908108590310e-01
5.3097336013648658e-01
5.3099306899903146e-01
5.3138018119701967e-01
5.3135292485095416e-01
5.3158387600662745e-01
5.3212823868387760e-01
5.3050610433769530e-01
5.3133363563925833e-01
5.3163384415968206e-01
5.3038565667894401e-01
5.2915684150439497e-01
5.2810492729594063e-01
5.2900238911595607e-01
5.3012149873421109e-01
5.3087407376764718e-01
5.2978531048348116e-01
5.3030790601560904e-01
5.2965159162313379e-01
5.2830688798044977e-01
5.2956601496587760e-01
5.2821328684835185e-01
5.2811507484178113e-01
5.2732351461513576e-01
5.2630019378573920e-01
5.2556991735679309e-01
5.2606206171109585e-01
5.2750705163773980e-01
5.2656110823926148e-01
5.2655472978960674e-01
5.2744063720551487e-01
5.2884283298909931e-01
5.2763792904327390e-01
5.2693505346856013e-01
5.2710526830493170e-01
5.2754802893291736e-01
5.2873703157291557e-01
5.2783464822675622e-01
5.2837118845167548e-01
5.2876132593461797e-01
5.2981105796541527e-01
5.3079501852956308e-01
5.3164810806451139e-01
5.3008623928031787e-01
5.3034636344060963e-01
5.3069377744018598e-01
5.3151250479779733e-01
5.3236388621045578e-01
5.3163403009535223e-01
5.3023770616784601e-01
5.3142719000313482e-01
5.3034232834089790e-01
5.2927988727077837e-01
5.2879920100659716e-01
5.2858610464156870e-01
5.2816770948750690e-01
5.2860902901062651e-01
5.2730418647167151e-01
5.2671952138901479e-01
5.2786771654393178e-01
5.2818047718868590e-01
5.2689270395311361e-01
5.2783500473128547e-01
5.2859750126656521e-01
5.2824663426080420e-01
5.2779530764000885e-01
5.2743168376526143e-01
5.2668340609867187e-01
5.2696968364310347e-01
5.2558074956835768e-01
5.2681796373274537e-01
5.2657664232402831e-01
5.2774639983334672e-01
5.2826606749585325e-01
5.2811318231949184e-01
5.2799502283856741e-01
5.2731650377287554e-01
5.2642684746163518e-01
5.2560664638911222e-01
5.2581928301790326e-01
5.2517306006153853e-01
5.2398329520656015e-01
5.2473391301542377e-01
5.2464667967256910e-01
5.2457734213811923e-01
5.2359891243315721e-01
5.2468559875051144e-01
5.2352629815814945e-01
5.2286305215605848e-01
5.2186600405326841e-01
5.2031062622945231e-01
5.2152418352765091e-01
5.2085211240654516e-01
5.2177936466924924e-01
5.2221917305790283e-01
5.2277169055708743e-01
5.2175378210621763e-01
5.2033789907293734e-01
5.2172302780758839e-01
5.2254120463202635e-01
5.2133708626920297e-01
5.2241681995652945e-01
5.2150245771071100e-01
5.2298428880603457e-01
5.2307077252395254e-01
5.2355726461951565e-01
5.2342980966630751e-01
5.2440173809960227e-01
5.2556477510245074e-01
5.2617984884999235e-01
5.2586728308127860e-01
5.2491618720550681e-01
5.2591019874854259e-01
5.2484415589827318e-01
5.2534174900808627e-01
5.2478685242229226e-01
5.2430317079585862e-01
5.2437641006399710e-01
5.2255201487831954e-01
